Field #1:
3033032034004050033000504000030003022034000340040005000030400020000400110220030005030003200001020432
0005004400004000400560000434450005220400054000005700005404000422340043212404350700054600336052120000
0700500500042405460040660311005500333045605560550000430220350422223330222004300508005000540050322404
0043407000032304000705005033505055003340000002200004123433350500504404020440044600000000000700033340
2402300000602040560005000400406004060300007043334004230005000050000004233404440007000705550005300040
1403306500054350600704232303300605400446600340033500200000006505600760220050200706000040504505350540
0505400440000300006002112344350600405400044400050043323460800504000000440004440050070430005400050403
0600060024080534505032304000040043505000430066600540222300000034070706006600305004400324000050070420
0060005323000402205433000500605021006003206000005005050044600430400707000043403240543304400605000222
0003500330704405340005074507005344550054330008004330000042004404400000005340543240003304040046064330
3031200600004300050650000400005000004300022400060236000003234000545570055060000300804050444500004003
2342340006000340070060063405000400703240531124003200070603110060004000500000005500005400400306040003
1000203330404023000000030212303230402103001001302130040320112304000403300500003000430040322220222330
